1e-06
1.2589e-06
1.5849e-06
1.9953e-06
2.5119e-06
3.1623e-06
3.9811e-06
5.0119e-06
6.3096e-06
7.9433e-06
1e-05
1.2589e-05
1.5849e-05
1.9953e-05
2.5119e-05
3.1623e-05
3.9811e-05
5.0119e-05
6.3096e-05
7.9433e-05
0.0001
0.00012589
0.00015849
0.00019953
0.00025119
0.00031623
0.00039811
0.00050119
0.00063096
0.00079433
0.001
0.0012589
0.0015849
0.0019953
0.0025119
0.0031623
0.0039811
0.0050119
0.0063096
0.0079433
0.01
0.012589
0.015849
0.019953
0.025119
0.031623
0.039811
0.050119
0.063096
0.079433
0.1
0.12589
0.15849
0.19953
0.25119
0.31623
0.39811
0.50119
0.63096
0.79433
1
1.2589
1.5849
1.9953
2.5119
3.1623
3.9811
5.0119
6.3096
7.9433
10
12.589
15.849
19.953
25.119
31.623
39.811
50.119
63.096
79.433
100
